40
0 1 84.4 -999
1 0 84.4 2 350.2 -999
2 1 350.2 3 139.4 -999
3 2 139.4 204 5 264.4 -999
4 3 204 6 127.8 7 122.8 -999
5 3 264.4 -999
6 4 127.8 -999
7 4 122.8 8 83 -999
8 7 83 9 110 -999
9 8 110 10 283 -999
10 9 283 11 360.6 -999
11 10 360.6 12 584.3 20 315.6 -999
12 11 584.3 13 332.3 18 493.7 20 668.6 21 553.1 22 446.9 -999
13 12 332.3 14 242 18 266.2 -999
14 13 242 15 664.8 16 364 -999
15 14 664.8 17 372 40 253.6 -999
16 14 364 17 667.6 18 319.6 19 506.5 -999
17 15 372 16 667.6 19 404 28 584.5 40 159.2 -999 
18 12 493.7 13 266.2 16 319.6 22 466.4 24 232.9 25 309.1 -999
19 16 506.5 17 404 26 372.2 27 398 28 182 -999
20 11 315.6 12 668.6 21 195.2 36 253.4 39 247 -999
21 12 553.1 20 195.2 22 451.9 29 314.4 30 649.7 36 227.5 37 111.9 -999
22 12 446.9 18 466.4 21 451.9 23 191.8 29 317.5 -999
23 22 191.8 24 97 -999
24 18 232.9 23 97 25 258.1 -999
25 18 309.1 24 258.1 26 227.5 -999
26 19 372.2 25 227.5 27 50.9 -999
27 19 398 26 50.9 28 429 -999
28 17 584.5 19 182 27 429 -999 
29 21 314.4 22 317.5 30 569.6 -999
30 21 649.7 29 569.6 31 325.2 32 80.9 -999 
31 30 325.2 33 235 -999
32 30 80.9 34 43 35 74 37 332.1 -999
33 31 235 34 53.7 -999
34 32 43 33 53.7 35 40 -999
35 32 74 34 40 36 305 38 274 -999
36 20 253.4 21 227.5 35 305 37 211 38 235 39 170 -999
37 21 111.9 32 332.1 36 211 -999
38 35 274 36 235 39 170 -999 
39 20 247 36 136.8 38 170 -999
40 15 253.6 17 159.2 -999